0 0.17756 0.3426126126126126 0.02536 0.049129129129129125
0 0.17665999999999998 0.3883483483483483 0.03082 0.04231231231231231
0 0.31256 0.23546546546546546 0.022600000000000002 0.039579579579579575
0 0.33936 0.23546546546546546 0.027399999999999997 0.04231231231231231
1 0.58116 0.2340840840840841 0.02708 0.04777777777777778
1 0.83976 0.23 0.02428 0.04231231231231231
0 0.17484 0.40540540540540543 0.03082 0.18564564564564565
0 0.3539 0.23342342342342343 0.1144 0.05186186186186186
1 0.55252 0.23819819819819818 0.08436 0.05051051051051051
1 0.80976 0.23 0.08428000000000001 0.05870870870870871
