0 0.14132 0.42 0.0359 0.050666666666666665
0 0.5297799999999999 0.44533333333333336 0.0348 0.050666666666666665
0 0.70426 0.436 0.03976 0.048
0 0.76074 0.4266666666666667 0.040740000000000005 0.04
0 0.82674 0.41733333333333333 0.04672 0.05333333333333334
0 0.92972 0.41 0.0427 0.052
0 0.12632 0.5 0.0679 0.22133333333333333
0 0.52578 0.49733333333333335 0.048799999999999996 0.17066666666666666
0 0.69926 0.49 0.053759999999999995 0.18
0 0.82724 0.4673333333333333 0.06172 0.18266666666666667
0 0.76074 0.4846666666666667 0.05674 0.18266666666666667
