1 0.4609333333333333 0.41466000000000003 0.08498666666666667 0.072
1 0.7569066666666666 0.40466 0.11514666666666666 0.084
1 0.06168 0.76934 0.12333333333333334 0.09065999999999999
1 0.5862666666666666 0.134 0.07962666666666667 0.05465999999999999
1 0.7222399999999999 0.752 0.05293333333333334 0.056
0 0.9453333333333334 0.656 0.10088 0.08
0 0.34096 0.5426599999999999 0.09746666666666666 0.09065999999999999
1 0.4609333333333333 0.366 0.08144 0.18534
1 0.7497866666666667 0.348 0.14357333333333333 0.208
1 0.09544 0.674 0.19088 0.284
1 0.5898133333333333 0.104 0.08674666666666667 0.136
0 0.34096 0.62734 0.11525333333333333 0.30266000000000004
0 0.9350133333333334 0.73066 0.13 0.24266
0 0.26898666666666665 0.208 0.14248 0.18666
