0 0.272 0.46858 0.05874666666666667 0.04858
0 0.32626666666666665 0.34 0.056826666666666664 0.05714
0 0.4396 0.18928 0.05488 0.04714
0 0.6776533333333333 0.30142 0.06624 0.03714
0 0.67384 0.445 0.05482666666666666 0.05286
0 0.48242666666666667 0.23 0.04154666666666667 0.04286
0 0.5167200000000001 0.40214 0.05677333333333333 0.05
1 0.45768 0.66714 0.060586666666666664 0.03714
0 0.6005066666666666 0.29358 0.049120000000000004 0.04142
0 0.48530666666666666 0.26642 0.07773333333333333 0.14142
0 0.6757333333333333 0.34214 0.06624 0.12428
0 0.6776533333333333 0.48 0.062426666666666665 0.13141999999999998
0 0.27296 0.50358 0.06066666666666667 0.13
1 0.45386666666666664 0.62286 0.0644 0.13713999999999998
0 0.33197333333333334 0.37714 0.06063999999999999 0.13713999999999998
0 0.5090933333333333 0.445 0.072 0.14428
