0 0.37694 0.4049127906976744 0.03318 0.053982558139534884
0 0.56312 0.13912790697674418 0.039799999999999995 0.0484593023255814
0 0.46266 0.22979651162790696 0.027440000000000003 0.0470639534883721
0 0.62834 0.30869186046511626 0.0293 0.0470639534883721
0 0.7112 0.689360465116279 0.036899999999999995 0.05813953488372093
0 0.34742 0.5813953488372093 0.02748 0.04430232558139535
0 0.44408 0.7343604651162791 0.04936 0.059534883720930236
0 0.4655 0.45680232558139533 0.02936 0.052616279069767444
0 0.56312 0.6201453488372093 0.03028 0.060901162790697676
1 0.74118 0.5537209302325581 0.03976 0.04982558139534884
1 0.6312000000000001 0.4104360465116279 0.038840000000000006 0.0484593023255814
1 0.3798 0.5025000000000001 0.03318 0.060901162790697676
1 0.34934 0.6942151162790697 0.02966 0.04566860465116279
1 0.715 0.7862790697674419 0.035 0.05537790697674419
