1 0.5182599999999999 0.53936 0.1277 0.45840000000000003
1 0.7499199999999999 0.7108533333333333 0.05564 0.24346666666666666
1 0.84682 0.24405333333333332 0.03406 0.12624000000000002
1 0.61624 0.24794666666666668 0.037520000000000005 0.12173333333333333
1 0.5197999999999999 0.6657066666666667 0.1 0.10392
1 0.74946 0.7362933333333334 0.03932 0.048159999999999994
1 0.6131599999999999 0.28362666666666664 0.03138 0.03722666666666667
1 0.8420599999999999 0.2879466666666667 0.02146 0.02530666666666667
0 0.6187 0.13653333333333334 0.03014 0.09170666666666667
0 0.78252 0.14576 0.0224 0.08965333333333332
