1 0.27234375 0.7161073825503356 0.059125000000000004 0.04697986577181208
1 0.608234375 0.27114093959731544 0.065296875 0.05100671140939597
1 0.7699374999999999 0.7181208053691275 0.0730625 0.0697986577181208
1 0.45668749999999997 0.763758389261745 0.068453125 0.06442953020134229
0 0.43715624999999997 0.20536912751677852 0.07003125 0.05906040268456376
0 0.5387187499999999 0.12281879194630872 0.06375 0.05503355704697987
0 0.70665625 0.15436241610738255 0.06526562500000001 0.053691275167785234
0 0.853515625 0.35771812080536913 0.068359375 0.052348993288590606
0 0.23562500000000003 0.3080536912751678 0.060703125000000004 0.06040268456375839
0 0.360609375 0.4355704697986577 0.073171875 0.06040268456375839
0 0.631671875 0.5510067114093959 0.068421875 0.05503355704697987
0 0.5402812499999999 0.6543624161073825 0.05437499999999999 0.05503355704697987
0 0.639484375 0.38053691275167784 0.062171875 0.052348993288590606
0 0.44106249999999997 0.2550335570469799 0.08096875 0.16375838926174496
0 0.362953125 0.4885906040268456 0.084109375 0.17718120805369128
0 0.6426093749999999 0.425503355704698 0.08403125 0.15033557046979865
0 0.633234375 0.6026845637583893 0.08715625 0.17181208053691274
0 0.70665625 0.1912751677852349 0.087140625 0.15436241610738255
0 0.850390625 0.40268456375838924 0.087109375 0.174496644295302
0 0.23328125000000002 0.35838926174496644 0.08101562500000001 0.1691275167785235
1 0.27078125000000003 0.6651006711409396 0.109125 0.16778523489932887
1 0.617609375 0.23221476510067113 0.087171875 0.14228187919463087
1 0.76446875 0.6671140939597315 0.09025 0.19328859060402684
