0 0.44088 0.08370666666666667 0.038700000000000005 0.04
0 0.44088 0.11629333333333333 0.04758 0.14370666666666668
0 0.6675 0.19778666666666667 0.0364 0.04296
0 0.6664 0.23408 0.04752 0.13037333333333334
0 0.81804 0.5229600000000001 0.03524 0.09183999999999999
0 0.79748 0.60296 0.02302 0.06517333333333333
0 0.65196 0.4866666666666667 0.0253 0.06370666666666666
0 0.54198 0.48 0.02088 0.06221333333333333
0 0.09315999999999999 0.43850666666666666 0.03658 0.10666666666666667
0 0.13147999999999999 0.65408 0.02212 0.04
0 0.39922 0.57408 0.01316 0.04296
0 0.4581 0.5755466666666667 0.015359999999999999 0.045919999999999996
0 0.5814 0.6525866666666666 0.01532 0.037040000000000003
