1 0.411421875 0.12350299401197605 0.054531249999999996 0.09730538922155689
1 0.2605625 0.06269461077844311 0.075078125 0.10667664670658683
1 0.38603125 0.4893413173652695 0.0975 0.1515868263473054
1 0.24884374999999997 0.34805389221556887 0.078984375 0.10104790419161677
0 0.166828125 0.6876946107784431 0.075109375 0.10293413173652695
0 0.051609375 0.4462874251497006 0.065375 0.1515568862275449
0 0.391890625 0.2348502994011976 0.09359375 0.15907185628742515
0 0.51296875 0.07859281437125748 0.056437499999999995 0.10853293413173652
0 0.538828125 0.15907185628742515 0.090609375 0.13847305389221556
1 0.04428125 0.6895508982035928 0.0683125 0.14784431137724552
1 0.157546875 0.8982035928143712 0.064359375 0.1122754491017964
1 0.278625 0.8551796407185629 0.056515625 0.12350299401197605
1 0.463171875 0.8879041916167665 0.038890625 0.09544910179640718
1 0.31525 0.440688622754491 0.030140624999999997 0.0729940119760479
1 0.5295625 0.41730538922155685 0.070109375 0.13847305389221556
1 0.13704687499999998 0.33589820359281436 0.0565625 0.09916167664670658
0 0.28790625 0.7625449101796408 0.069203125 0.08422155688622754
0 0.1619375 0.7934131736526946 0.06925 0.09730538922155689
0 0.46023437500000003 0.7840718562874252 0.0525625 0.10479041916167664
