0 0.179234375 0.34796573875803 0.093421875 0.05659528907922912
0 0.322078125 0.5445074946466809 0.079984375 0.052002141327623125
0 0.8376250000000001 0.5162098501070663 0.06643750000000001 0.041295503211991436
0 0.9302343750000001 0.3456745182012848 0.086484375 0.05506423982869379
0 0.808609375 0.2852569593147752 0.08429687500000001 0.0504710920770878
0 0.536328125 0.16289079229122055 0.079921875 0.05659528907922912
0 0.493921875 0.04053533190578158 0.071 0.04741970021413276
0 0.63453125 0.04741970021413276 0.079890625 0.03365096359743041
0 0.5385625 0.22483940042826553 0.09331249999999999 0.17436830835117775
0 0.8420781249999999 0.5605674518201286 0.093203125 0.15142398286937903
0 0.9369375 0.3969057815845824 0.11773437499999999 0.17895074946466807
0 0.8119531249999999 0.33649892933618847 0.09992187500000001 0.16519271948608136
1 0.5843125 0.3426124197002141 0.068734375 0.05812633832976445
